13 27
888888888222222222288888888
888888888822222222888888888
888888888882222228888888888
888888888887777788888888888
888888888877777778888888888
888888888777777777888888888
888888887777777777788888888
888888827777777777728888888
888888222220777012222888888
888882222220777042222288888
888822222077777770222228888
888222222077777770222222888
888888888888888888888888888

888888888222222222288888888
888888888822222222888888888
888888888882222228888888888
888888888887777788888888888
888888888877777778888888888
888888888777777777888888888
888888887777777777788888888
888888827777777777728888888
888888222220777012222888888
888882222220777042222288888
888822222077777770222228888
888222222077777770222222888
888888888888888888888888888
